10
3 3
0 7 8
4 1 0
9 10 0
5 5
5 9 2 10 0
4 9 5 6 0
10 7 8 9 4
7 10 9 2 3
8 2 2 8 3
8 4
32 21 33 0
4 27 7 29
2 35 2 27
0 41 42 8
30 41 3 12
21 27 29 17
48 1 1 30
30 28 48 8
7 9
15 4 2 8 18 19 5 20 4
6 7 6 13 15 12 5 0 3
20 11 10 7 0 2 2 11 3
9 8 19 2 6 19 19 2 15
0 13 10 3 9 0 18 20 16
5 19 10 10 2 8 1 17 16
5 9 9 4 11 12 2 4 2
3 5
952 600 251 353 278
582 468 915 205 401
96 265 646 934 22
10 10
6 91 67 50 19 37 75 35 70 58
65 65 83 37 93 43 30 17 40 49
49 52 64 85 73 14 27 94 62 46
44 39 86 75 16 68 26 51 62 6
7 39 99 14 77 10 98 32 95 15
47 36 11 35 73 61 71 61 92 19
12 83 82 21 58 39 89 8 2 48
34 1 39 16 83 56 38 37 60 40
23 42 60 59 61 87 99 30 28 23
59 12 30 91 86 97 47 80 80 36
10 10
272 298 236 92 111 250 98 101 202 213
30 185 92 134 7 19 26 284 287 107
148 17 99 148 125 182 162 86 130 38
127 163 14 242 59 181 133 75 210 174
96 125 38 71 173 107 139 114 120 116
83 104 46 286 127 79 113 227 291 89
101 214 140 225 87 273 87 134 227 224
30 4 138 253 243 73 114 221 38 96
173 181 130 18 43 249 89 87 254 15
65 30 132 80 156 163 298 276 173 255
20 20
15 14 19 8 10 4 9 1 0 18 18 3 17 2 6 15 8 1 9 20
9 14 5 0 9 18 0 7 14 17 20 2 20 2 3 20 7 15 16 11
11 2 5 10 8 14 13 14 5 9 10 10 19 19 13 16 11 19 15 8
7 16 16 15 14 20 10 6 20 2 3 2 10 16 3 18 13 2 20 0
2 16 1 9 5 16 15 5 4 1 10 5 16 1 9 8 2 7 13 18
2 8 19 18 15 18 4 17 12 2 5 20 0 9 17 5 1 1 0 3
20 9 2 10 14 18 5 7 20 12 16 11 20 13 15 6 8 17 16 20
4 3 13 20 2 15 6 7 5 17 17 2 4 16 9 18 9 1 12 0
20 7 12 3 13 7 9 16 10 1 14 10 19 11 5 20 17 17 1 12
11 20 3 9 8 16 7 2 8 0 3 3 3 18 0 15 1 11 15 5
7 10 17 13 14 3 6 19 6 4 16 3 19 17 10 10 0 10 12 10
19 1 11 19 18 10 13 18 4 17 17 15 1 2 3 1 5 9 6 3
6 3 20 1 15 4 7 7 5 12 14 15 0 2 12 17 19 16 14 20
16 0 12 6 14 13 11 5 14 10 12 9 17 7 15 18 20 3 10 8
16 19 13 18 11 1 10 16 13 2 8 3 17 6 17 17 13 11 7 8
14 18 20 10 1 13 20 7 6 19 5 10 14 17 1 15 2 16 8 9
16 11 12 3 13 11 11 3 15 19 0 10 1 5 20 11 3 0 12 11
17 5 17 11 10 17 16 4 17 15 16 18 3 8 8 7 7 4 9 17
5 7 9 15 11 13 17 9 8 18 5 1 11 20 10 16 13 17 8 18
3 2 15 2 18 16 3 3 20 20 7 10 15 10 4 5 10 11 20 1
10 40
11 88 7 70 85 70 59 14 97 92 46 29 96 81 94 85 76 95 67 0 49 62 90 34 18 61 71 39 26 0 0 24 30 7 91 49 10 8 96 78
47 6 9 73 40 6 27 38 36 46 56 20 17 19 6 11 100 45 95 43 60 14 25 62 7 69 0 35 74 98 72 22 79 58 62 86 77 9 32 16
79 63 11 77 20 27 73 30 65 85 32 47 25 92 42 12 29 65 49 71 17 24 62 66 37 84 85 8 86 74 13 0 79 95 20 15 29 13 34 21
48 95 48 100 53 6 47 79 66 89 42 49 40 84 84 82 84 33 80 28 6 65 32 61 54 90 20 64 18 21 52 17 4 61 98 60 77 70 24 10
22 14 79 88 48 44 37 19 27 71 56 3 22 37 6 27 29 95 13 85 65 75 54 10 27 82 27 39 20 40 98 72 16 89 92 96 90 95 24 24
77 99 43 13 10 8 83 99 28 52 21 65 49 57 14 50 24 94 21 56 36 77 63 87 48 67 64 50 77 0 63 49 48 18 34 1 61 71 63 21
25 33 74 98 54 29 48 42 82 90 54 94 99 32 32 79 96 90 57 79 8 89 36 45 56 14 88 64 68 81 21 55 50 34 64 75 9 57 13 55
68 32 94 89 95 39 39 89 65 97 80 75 44 62 47 50 66 83 9 47 58 25 32 62 26 20 18 5 5 8 38 56 76 8 29 87 30 56 68 56
29 78 66 25 46 88 51 76 99 4 55 66 33 98 96 63 47 69 89 54 19 33 21 42 23 33 57 81 32 54 67 39 57 12 96 98 80 6 76 19
12 70 48 39 83 84 70 51 71 41 87 92 92 37 21 84 53 77 63 48 53 74 61 97 12 18 100 97 0 93 7 67 47 41 25 54 56 58 86 50
50 50
1 3 2 6 5 10 4 6 7 4 7 9 2 10 2 7 10 5 7 3 2 2 1 7 9 10 6 4 7 8 4 4 4 6 3 2 7 5 3 3 1 10 3 7 9 1 0 1 9 2
0 10 1 3 8 3 9 2 9 0 5 9 2 8 5 0 10 0 7 4 3 5 3 9 7 6 2 2 2 7 1 3 5 6 9 10 1 9 8 0 1 5 10 8 6 7 5 6 10 0
6 10 2 6 8 9 0 2 0 5 0 8 8 3 8 3 10 5 9 7 4 0 7 0 9 3 7 1 6 8 3 4 5 4 8 10 4 2 4 4 4 5 10 9 9 6 5 4 2 3
9 9 5 3 1 1 7 7 4 8 7 7 10 5 8 1 0 4 4 8 4 2 6 7 6 7 1 7 6 6 9 5 1 0 1 2 10 6 10 5 10 9 5 7 0 1 4 3 0 6
6 6 0 0 6 2 7 2 4 2 8 4 3 4 9 10 10 7 10 3 6 7 5 7 7 8 7 0 5 1 9 10 6 4 1 5 6 5 10 7 1 3 4 9 5 1 1 6 10 1
7 3 0 10 5 6 6 3 5 2 6 7 7 3 0 3 10 1 10 9 2 1 8 5 2 2 4 0 2 9 10 5 4 1 9 3 2 4 7 1 5 0 5 3 10 8 1 10 5 0
5 6 6 6 4 0 7 8 10 0 5 7 9 0 7 3 0 2 3 1 10 6 6 0 5 10 10 7 3 5 2 4 6 8 1 4 1 5 10 2 8 2 5 1 3 6 10 6 0 6
3 9 4 5 9 10 1 9 3 3 5 3 3 6 5 8 9 1 9 8 5 4 10 8 7 4 9 5 1 10 4 10 10 1 10 1 5 8 2 10 6 6 7 5 4 3 1 6 1 7
4 5 7 3 4 7 8 3 7 4 6 8 2 1 0 2 1 3 0 5 3 1 5 2 6 6 8 3 9 5 2 6 3 7 2 3 9 9 4 4 1 7 4 4 10 7 3 5 7 1
3 7 6 6 8 4 9 4 5 8 0 6 6 5 10 7 6 8 7 4 6 10 1 9 6 6 2 1 10 4 7 3 2 8 2 4 2 5 10 5 9 10 7 9 8 5 9 3 8 7
3 3 0 9 6 1 0 1 1 0 0 7 6 0 1 8 4 0 0 1 0 7 0 2 0 4 5 4 8 2 4 6 8 2 0 7 1 0 10 1 0 10 5 5 2 9 10 7 9 9
1 0 2 2 8 5 6 1 3 10 10 0 8 0 4 3 4 0 4 10 5 1 8 4 10 8 6 8 10 7 3 5 7 2 7 3 1 7 3 2 1 3 10 2 4 1 7 2 5 0
8 1 10 5 5 10 4 3 4 6 5 3 4 8 1 8 1 8 1 8 5 5 8 6 8 4 10 5 10 10 7 4 5 8 9 1 4 8 6 4 2 0 2 2 5 6 5 6 1 7
1 3 7 9 4 5 7 10 3 10 0 0 3 6 6 3 7 8 4 5 10 1 6 9 2 4 8 6 4 8 3 2 3 9 9 3 9 6 9 6 0 7 10 5 8 1 0 8 10 9
7 4 0 4 6 9 4 10 4 7 4 6 10 0 2 2 4 5 7 9 10 5 3 8 7 9 8 8 6 6 3 9 7 8 7 7 3 6 4 2 2 3 2 0 4 3 1 3 9 4
9 5 6 2 8 7 4 10 10 5 9 5 8 1 0 10 8 3 9 10 2 8 1 5 3 4 6 6 9 7 2 9 8 10 9 1 0 1 10 3 1 6 3 1 10 9 3 3 0 2
0 0 4 4 6 6 8 1 3 2 9 6 9 5 0 6 3 7 9 1 3 6 1 0 3 1 0 10 7 10 8 1 4 0 3 2 3 3 4 2 3 6 0 8 4 0 1 5 7 9
9 6 9 5 9 10 10 10 10 7 10 2 9 4 4 0 7 4 2 2 2 4 2 8 2 0 10 3 8 4 3 4 1 0 4 4 5 9 1 2 0 7 6 1 4 4 4 8 0 2
10 10 2 2 5 4 5 7 8 9 6 8 3 2 4 9 0 0 1 0 9 3 2 7 9 0 0 7 6 8 4 6 0 9 8 6 3 2 6 0 6 4 6 0 10 8 0 0 0 8
10 6 7 10 1 6 9 10 10 0 0 5 4 4 7 6 0 5 10 9 0 6 5 5 7 10 0 10 9 4 2 2 4 0 1 2 1 6 6 9 7 7 4 1 0 6 2 5 5 8
0 2 7 2 9 7 7 1 6 2 6 2 7 6 9 10 6 9 7 10 8 1 8 7 5 4 5 5 5 1 5 4 5 8 2 8 4 7 10 1 9 5 0 10 9 5 7 7 4 10
5 5 3 4 8 8 0 3 9 8 7 8 9 7 0 2 8 5 3 7 6 10 6 1 1 3 6 2 9 10 4 1 4 0 4 10 8 3 2 7 3 0 0 9 9 1 1 9 1 0
9 5 0 3 0 10 1 10 10 1 7 4 6 3 9 5 6 7 3 6 2 3 4 5 7 6 6 4 10 6 7 10 8 4 6 10 3 2 8 2 5 6 3 4 8 2 2 3 10 5
5 3 3 9 1 3 5 3 8 8 8 8 3 10 3 8 7 10 4 6 8 3 1 9 3 0 3 9 1 7 7 1 3 4 2 3 6 6 1 4 4 9 7 10 7 3 10 1 1 4
2 4 0 8 8 1 0 10 10 5 10 7 3 8 10 10 9 0 10 3 3 10 4 6 3 4 9 3 3 8 4 8 4 4 2 3 0 7 3 8 7 3 7 0 1 0 7 0 7 0
1 1 2 3 0 2 5 9 5 6 7 0 4 8 5 7 7 9 9 7 3 7 8 4 8 9 0 9 7 4 3 8 8 3 5 6 5 7 8 3 0 8 6 1 10 3 8 9 2 7
3 3 5 5 1 10 4 6 0 9 5 6 10 0 2 10 10 9 0 9 5 5 4 8 7 3 0 3 6 0 3 0 0 7 1 1 6 1 2 9 9 10 7 9 8 0 8 8 7 3
1 4 10 5 1 10 2 10 7 4 10 8 0 9 10 8 6 6 8 9 6 3 1 8 8 0 9 8 2 2 4 0 2 4 0 8 3 6 8 2 1 7 8 1 9 7 0 9 6 3
2 3 6 0 3 10 5 9 8 5 3 5 1 0 0 8 9 3 6 4 2 1 6 3 8 7 3 7 1 9 7 9 1 2 4 4 6 3 5 6 3 8 4 7 8 4 2 2 0 9
3 1 7 0 3 10 7 2 9 1 1 9 6 9 8 10 3 8 1 2 9 2 10 1 9 1 0 0 4 0 2 10 5 10 8 8 9 0 7 4 2 6 2 8 2 5 1 0 0 7
10 5 6 9 2 9 4 5 0 10 8 6 9 3 4 1 2 7 8 7 1 10 1 7 10 4 5 9 1 7 7 2 9 5 7 8 1 4 1 6 9 0 0 4 2 9 2 1 5 7
5 10 4 4 5 4 3 10 3 5 5 5 4 4 3 0 2 1 10 3 1 4 2 2 3 3 5 7 8 7 10 8 0 2 0 6 3 8 6 1 10 9 8 7 5 7 1 3 6 1
2 6 8 4 0 3 9 2 6 9 0 8 8 9 10 9 3 6 5 3 6 7 6 0 2 7 0 4 4 10 1 3 10 8 3 8 5 2 9 4 3 5 10 5 0 0 3 10 6 6
3 6 10 7 4 9 2 6 7 6 6 2 2 1 7 1 2 4 5 7 8 5 5 5 2 3 3 2 10 2 3 6 7 5 2 6 0 10 9 9 8 10 5 8 6 6 8 9 10 1
9 4 10 7 3 0 7 8 7 2 1 1 10 3 5 8 0 4 8 6 9 4 0 0 0 8 7 5 3 10 3 2 10 3 10 4 5 10 9 7 4 10 10 10 8 0 6 9 5 9
2 7 3 9 10 10 10 6 3 7 8 0 7 9 6 10 4 4 9 1 3 0 2 1 7 4 7 5 9 3 8 5 1 10 7 10 6 5 9 7 3 10 9 8 3 8 6 0 10 2
8 4 7 2 10 7 8 3 5 6 8 6 7 10 1 10 4 0 6 4 0 1 7 8 5 8 7 6 4 2 6 1 10 9 4 7 10 2 6 9 0 1 10 8 2 0 4 6 7 0
0 10 10 3 1 5 2 7 1 5 7 1 0 1 0 1 4 0 0 6 8 2 9 0 3 0 7 2 5 0 9 3 10 3 4 4 2 8 7 9 4 6 7 3 5 1 9 1 6 1
1 5 10 1 4 10 8 5 10 1 9 6 9 6 7 0 7 5 9 5 10 0 0 4 7 3 10 3 6 6 10 3 5 5 10 0 9 10 1 9 1 3 3 9 5 0 1 0 2 9
3 8 3 6 10 5 3 8 7 0 6 1 2 7 10 3 4 3 2 2 7 8 5 1 3 5 4 6 10 9 9 7 1 1 8 0 9 9 8 0 9 10 9 5 10 10 6 5 5 9
6 0 3 5 9 1 1 6 1 1 3 0 0 9 8 7 3 7 0 7 6 6 9 0 5 6 0 10 6 7 0 2 8 6 7 0 2 9 1 4 2 6 1 9 1 5 7 6 4 2
1 1 4 9 3 2 1 7 1 5 0 5 3 8 1 9 8 8 2 6 9 2 6 9 7 10 1 7 8 8 8 7 7 8 3 2 7 9 7 7 4 0 6 2 6 7 4 1 3 5
6 8 0 9 4 8 9 0 2 4 5 3 8 6 5 4 10 0 6 5 2 10 5 10 0 4 10 9 7 3 5 1 3 8 3 9 7 1 3 3 10 6 10 6 6 2 4 0 9 9
10 7 2 2 10 8 0 6 10 6 3 7 3 6 0 9 4 9 10 7 3 0 4 2 10 5 4 8 4 8 4 6 5 7 0 8 6 4 7 2 0 3 3 9 3 2 7 2 4 6
0 3 4 7 8 1 7 6 10 5 3 1 0 9 1 2 4 4 0 1 3 6 10 10 3 2 4 8 0 3 0 0 0 5 0 9 8 3 2 2 0 8 7 7 5 7 0 1 4 3
5 0 8 10 3 2 1 4 4 7 10 2 7 6 6 3 1 5 1 4 8 5 5 5 2 3 1 2 1 8 6 1 6 9 3 9 7 5 2 7 5 1 2 2 3 5 5 10 3 10
5 4 6 1 5 1 6 0 3 9 10 0 4 10 6 3 5 5 2 8 0 4 6 1 10 4 3 7 0 3 6 4 3 0 3 5 6 4 10 3 10 7 4 8 4 4 5 2 9 0
8 1 9 10 10 2 7 8 10 8 8 10 7 4 7 10 2 10 6 9 0 5 3 7 4 6 9 6 10 9 8 9 3 0 6 8 9 0 3 8 8 0 3 4 0 8 10 0 1 4
8 1 2 5 9 0 0 7 6 0 10 7 7 0 3 7 2 10 9 3 2 1 2 10 4 2 5 7 7 8 7 4 10 6 3 10 7 8 0 10 8 8 2 3 6 9 6 2 4 9
1 2 7 0 0 8 1 9 5 4 10 10 5 4 5 10 1 2 8 10 3 0 10 4 0 6 6 3 9 2 9 8 6 10 9 5 0 5 8 9 0 0 2 1 7 4 2 4 4 9